197.0
2595.0
4287.0
1560.0
2129.0
1618.0
1591.0
1017.0
6172.0
925.0
1819.0
233.0
1312.0
1127.0
8781.0
5096.0
1862.0
125.0
3429.0
1025.0
487.0
1323.0
415.0
3475.0
4943.0
1087.0
197.0
378.0
9373.0
2007.0
694.0
875.0
1249.0
5708.0
1421.0
204.0
1018.0
118.0
-1.0
1070.0
-1.0
247.0
4939.0
621.0
2784.0
5915.0
2293.0
594.0
4868.0
1337.0
624.0
4017.0
359.0
632.0
57.0
1867.0
3307.0
3661.0
1238.0
3088.0
9418.0
433.0
523.0
3922.0
1620.0
755.0
2927.0
693.0
882.0
596.0
7165.0
2049.0
801.0
4124.0
3358.0
1545.0
979.0
444.0
939.0
2174.0
214.0
1712.0
5242.0
3843.0
550.0
363.0
208.0
602.0
816.0
-1.0
808.0
2432.0
6034.0
5583.0
282.0
376.0
2308.0
514.0
813.0
3369.0
332.0
624.0
1568.0
4053.0
266.0
-1.0
2774.0
540.0
9609.0
554.0
1051.0
3541.0
6908.0
2645.0
1805.0
867.0
2058.0
380.0
96.0
1068.0
609.0
1357.0
845.0
153.0
902.0
765.0
247.0
8812.0
2651.0
712.0
407.0
2323.0
1632.0
2225.0
375.0
4526.0
1557.0
32.0
-1.0
595.0
229.0
7755.0
995.0
3486.0
6992.0
1569.0
3149.0
901.0
840.0
173.0
-1.0
148.0
5896.0
3208.0
687.0
4348.0
27.0
886.0
1061.0
2116.0
1205.0
1824.0
3946.0
1744.0
761.0
2024.0
6115.0
416.0
199.0
1041.0
4224.0
972.0
423.0
993.0
629.0
1133.0
1233.0
7479.0
1176.0
1373.0
122.0
338.0
725.0
-1.0
1410.0
238.0
165.0
3799.0
1298.0
2937.0
1256.0
3508.0
1312.0
4154.0
4773.0
216.0
753.0
3010.0
4515.0
6792.0
1475.0
1179.0
493.0
991.0
100.0
425.0
4030.0
3010.0
7159.0
494.0
182.0
2168.0
2434.0
1519.0
3142.0
1179.0
733.0
4621.0
2003.0
6338.0
1176.0
1305.0
5060.0
1888.0
2059.0
7958.0
2879.0
1288.0
2416.0
2701.0
843.0
5172.0
4658.0
528.0
40.0
702.0
6174.0
2089.0
3689.0
5048.0
3945.0
6261.0
1050.0
3756.0
590.0
4127.0
3879.0
1045.0
880.0
617.0
623.0
888.0
640.0
2085.0
8451.0
1486.0
290.0
1239.0
1098.0
1551.0
4929.0
564.0
408.0
1257.0
1636.0
2460.0
3999.0
583.0
1086.0
111.0
3164.0
3984.0
1834.0
783.0
78.0
5398.0
5031.0
5224.0
2941.0
3657.0
5125.0
10438.0
668.0
3494.0
278.0
2785.0
227.0
1937.0
1940.0
2607.0
7041.0
481.0
1083.0
403.0
5103.0
1328.0
2026.0
402.0
1360.0
467.0
545.0
1788.0
1563.0
1319.0
2975.0
381.0
1783.0
112.0
402.0
318.0
4814.0
1683.0
2761.0
649.0
527.0
1215.0
101.0
3492.0
948.0
2395.0
705.0
136.0
1879.0
1124.0
3719.0
3048.0
1545.0
1993.0
5357.0
750.0
3248.0
94.0
1517.0
1603.0
1675.0
2896.0
3553.0
490.0
311.0
2904.0
7185.0
234.0
3379.0
1965.0
-1.0
716.0
221.0
2818.0
547.0
2177.0
2484.0
85.0
308.0
1714.0
3327.0
2520.0
971.0
4428.0
2380.0
3526.0
90.0
116.0
743.0
3137.0
916.0
464.0
4325.0
6554.0
1318.0
724.0
317.0
1082.0
279.0
1547.0
3734.0
1922.0
1966.0
2414.0
559.0
2740.0
2968.0
10193.0
2892.0
5874.0
5889.0
2798.0
211.0
343.0
2580.0
1218.0
6452.0
278.0
1497.0
7496.0
312.0
1186.0
901.0
4769.0
944.0
4197.0
580.0
973.0
5051.0
1059.0
2498.0
5528.0
5591.0
950.0
4085.0
873.0
159.0
240.0
370.0
1006.0
7834.0
3615.0
2506.0
-1.0
686.0
1547.0
506.0
4174.0
37.0
292.0
2323.0
2835.0
4717.0
3455.0
3464.0
1642.0
306.0
247.0
2986.0
2135.0
6516.0
1865.0
3769.0
1074.0
1347.0
1607.0
2160.0
1725.0
1047.0
1362.0
4516.0
208.0
670.0
3344.0
860.0
1762.0
282.0
2556.0
513.0
497.0
655.0
4922.0
6941.0
1117.0
1808.0
1022.0
4158.0
2574.0
619.0
696.0
1137.0
5669.0
3027.0
5225.0
1464.0
219.0
4030.0
446.0
6229.0
3156.0
792.0
8405.0
141.0
520.0
3093.0
1598.0
253.0
205.0
4091.0
2170.0
4110.0
803.0
922.0
2026.0
303.0
5287.0
2223.0
1270.0
1845.0
2144.0
1547.0
3804.0
1216.0
1871.0
7550.0
4064.0
174.0
80.0
5590.0
5951.0
1863.0
800.0
1842.0
505.0
487.0
248.0
2088.0
3438.0
4598.0
7547.0
2180.0
4760.0
708.0
1679.0
1631.0
897.0
717.0
2020.0
343.0
96.0
631.0
66.0
7642.0
1399.0
4207.0
1208.0
885.0
5877.0
6234.0
7388.0
428.0
4203.0
707.0
181.0
211.0
3951.0
844.0
3464.0
1464.0
2237.0
1091.0
1095.0
7816.0
2824.0
5386.0
2571.0
7514.0
1287.0
1321.0
1108.0
425.0
5116.0
904.0
80.0
3004.0
6014.0
2746.0
1088.0
398.0
1489.0
863.0
153.0
1725.0
1189.0
4258.0
6515.0
4903.0
2472.0
4786.0
5143.0
1307.0
2128.0
1493.0
72.0
259.0
4633.0
3075.0
2069.0
1267.0
1041.0
212.0
1342.0
370.0
2982.0
2464.0
3915.0
5754.0
8211.0
1639.0
1426.0
135.0
2022.0
312.0
1194.0
1217.0
1942.0
446.0
871.0
2815.0
2876.0
759.0
991.0
3029.0
1519.0
1150.0
1929.0
2701.0
1469.0
1464.0
1205.0
7438.0
433.0
3842.0
345.0
1390.0
670.0
428.0
534.0
144.0
935.0
1349.0
840.0
481.0
5931.0
2539.0
976.0
963.0
558.0
142.0
-1.0
1229.0
5312.0
675.0
2976.0
2894.0
1888.0
3966.0
560.0
286.0
857.0
831.0
1245.0
1691.0
2490.0
851.0
3590.0
913.0
1712.0
2537.0
3025.0
1074.0
3439.0
3850.0
1892.0
2193.0
1129.0
1149.0
418.0
4969.0
514.0
4759.0
1411.0
91.0
9250.0
769.0
3100.0
1450.0
1142.0
1435.0
7056.0
99.0
3530.0
2700.0
4967.0
288.0
2261.0
788.0
975.0
2502.0
1452.0
2977.0
6438.0
6558.0
4068.0
1589.0
2361.0
28.0
1698.0
1617.0
5602.0
1199.0
2995.0
4981.0
1292.0
1519.0
1123.0
3623.0
2240.0
3870.0
2386.0
7029.0
1921.0
799.0
406.0
3963.0
1518.0
493.0
2251.0
1552.0
562.0
321.0
4985.0
-1.0
1288.0
1061.0
1290.0
296.0
2616.0
5841.0
7841.0
-1.0
4299.0
6918.0
1087.0
3732.0
3815.0
1062.0
322.0
872.0
832.0
1506.0
3295.0
5564.0
1625.0
1292.0
1452.0
732.0
1741.0
1098.0
585.0
3004.0
544.0
3084.0
1463.0
188.0
-1.0
4770.0
1535.0
3033.0
2277.0
6782.0
1178.0
88.0
2125.0
3903.0
154.0
3610.0
1154.0
1422.0
2662.0
6889.0
2371.0
2137.0
3476.0
4780.0
247.0
6613.0
1873.0
4385.0
752.0
1369.0
7019.0
667.0
4574.0
6550.0
4367.0
324.0
47.0
935.0
973.0
-1.0
2510.0
28.0
3586.0
8043.0
512.0
718.0
216.0
4937.0
5257.0
961.0
455.0
1440.0
2475.0
1272.0
8521.0
2538.0
1389.0
5585.0
2352.0
3098.0
1236.0
1043.0
4116.0
2364.0
7422.0
1032.0
1373.0
823.0
1454.0
437.0
1890.0
671.0
2907.0
7845.0
1624.0
42.0
882.0
844.0
2192.0
803.0
368.0
3240.0
353.0
1052.0
798.0
1557.0
359.0
838.0
905.0
1839.0
1462.0
2099.0
3767.0
2102.0
3354.0
179.0
490.0
4255.0
6587.0
6194.0
1495.0
135.0
1792.0
2364.0
1231.0
758.0
1294.0
1380.0
1818.0
4508.0
5364.0
948.0
1742.0
1236.0
578.0
2371.0
186.0
9939.0
1064.0
788.0
2363.0
529.0
771.0
4129.0
809.0
692.0
1538.0
2429.0
3070.0
608.0
204.0
4206.0
3156.0
7518.0
387.0
55.0
995.0
2738.0
2006.0
617.0
941.0
264.0
1829.0
3207.0
219.0
2135.0
1314.0
3277.0
2236.0
2635.0
5255.0
680.0
1737.0
1776.0
4738.0
276.0
1063.0
534.0
4242.0
4566.0
2426.0
1098.0
1255.0
1971.0
1898.0
1851.0
1763.0
253.0
7126.0
1235.0
974.0
313.0
1314.0
3472.0
2362.0
2820.0
6458.0
2003.0
6037.0
2733.0
6016.0
1530.0
938.0
6105.0
535.0
1067.0
2847.0
331.0
341.0
1342.0
637.0
896.0
2227.0
1537.0
1369.0
8361.0
511.0
682.0
217.0
7698.0
1652.0
1388.0
198.0
1769.0
2627.0
1443.0
4320.0
4134.0
459.0
5571.0
623.0
2573.0
1009.0
6686.0
357.0
3750.0
894.0
2885.0
8737.0
3331.0
1388.0
2118.0
1871.0
4245.0
353.0
1634.0
1289.0
194.0
3278.0
1778.0
864.0
2339.0
1887.0
595.0
3107.0
2800.0
1244.0
868.0
136.0
4763.0
739.0
6014.0
120.0
444.0
3144.0
7385.0
160.0
1250.0
5520.0
1938.0
4878.0
1023.0
4151.0
347.0
2242.0
432.0
2166.0
8266.0
192.0
1277.0
45.0
5499.0
2709.0
1879.0
129.0
573.0
3429.0
715.0
604.0
1406.0
290.0
1809.0
481.0
3564.0
4282.0
207.0
5091.0
4452.0
1038.0
569.0
1622.0
43.0
-1.0
-1.0
345.0
2479.0
800.0
434.0
40.0
297.0
5155.0
1514.0
522.0
488.0
830.0
1294.0
645.0
1906.0
2994.0
1554.0
788.0
1614.0
520.0
941.0
473.0
1056.0
2900.0
2883.0
1372.0
2780.0
356.0
848.0
1898.0
1111.0
49.0
2997.0
1278.0
8143.0
1025.0
3951.0
5363.0
628.0
3422.0
724.0
7248.0
1062.0
3819.0
795.0
651.0
1587.0
439.0
5941.0
1885.0
6028.0
1832.0
531.0
1962.0
846.0
5490.0
3041.0
1878.0
490.0
596.0
4297.0
684.0
1720.0
3318.0
571.0
507.0
803.0
3636.0
4392.0
138.0
294.0
432.0
182.0
3520.0
182.0
3019.0
4777.0
1494.0
2533.0
3213.0
378.0
6253.0
127.0
3119.0
8753.0
5593.0
3035.0
1985.0
1986.0
2345.0
2837.0
3826.0
973.0
650.0
4344.0
3715.0
940.0
1584.0
2208.0
1612.0
137.0
2777.0
2013.0
4443.0
827.0
5974.0
810.0
6072.0
1089.0
560.0
1062.0
943.0
3250.0
2135.0
1087.0
130.0
1260.0
2692.0
2556.0
112.0
1491.0
2529.0
5898.0
1697.0
1744.0
5464.0
7727.0
27.0
2068.0
6005.0
447.0
158.0
2430.0
3564.0
1092.0
750.0
424.0
1109.0
222.0
3064.0
2270.0
33.0
367.0
7036.0
3408.0
88.0
976.0
5692.0
50.0
1882.0
-1.0
619.0
2034.0
170.0
4652.0
1172.0
3250.0
2813.0
2171.0
-1.0
432.0
2710.0
1202.0
721.0
526.0
898.0
1407.0
2306.0
1684.0
340.0
563.0
2564.0
6688.0
2366.0
1349.0
2547.0
1132.0
1329.0
1068.0
3250.0
958.0
919.0
867.0
2139.0
68.0
2219.0
767.0
2321.0
1344.0
2137.0
495.0
736.0
2363.0
3360.0
2247.0
1073.0
139.0
2786.0
1242.0
897.0
512.0
2975.0
439.0
391.0
2171.0
3421.0
1417.0
-1.0
1535.0
5369.0
1064.0
-1.0
128.0
5130.0
1984.0
2627.0
3024.0
800.0
1324.0
319.0
733.0
154.0
1738.0
789.0
2450.0
537.0
7711.0
4411.0
1235.0
886.0
2181.0
2871.0
5400.0
2260.0
927.0
2423.0
4074.0
1010.0
2663.0
6288.0
1071.0
123.0
428.0
867.0
976.0
822.0
2231.0
149.0
1017.0
3671.0
1354.0
118.0
283.0
1014.0
352.0
4073.0
1727.0
2958.0
2192.0
5585.0
460.0
568.0
462.0
5024.0
135.0
1846.0
259.0
652.0
7419.0
3302.0
6080.0
6815.0
3578.0
2686.0
486.0
5772.0
2653.0
1638.0
1914.0
1296.0
3641.0
3863.0
2421.0
5995.0
505.0
2342.0
4150.0
1145.0
3984.0
2996.0
3655.0
432.0
4518.0
1027.0
1032.0
4521.0
5806.0
4610.0
1831.0
4650.0
3601.0
5867.0
2481.0
4720.0
2928.0
330.0
1699.0
4168.0
603.0
584.0
9084.0
2164.0
3166.0
136.0
1322.0
7019.0
2787.0
3799.0
2249.0
2319.0
2947.0
2836.0
984.0
49.0
774.0
77.0
2901.0
6195.0
405.0
1024.0
6016.0
2517.0
6241.0
38.0
991.0
1267.0
5019.0
657.0
328.0
7086.0
341.0
3407.0
2043.0
1222.0
122.0
1545.0
3723.0
2415.0
5168.0
1903.0
524.0
2531.0
2449.0
90.0
2026.0
2956.0
2150.0
1180.0
1016.0
1785.0
1434.0
7023.0
122.0
125.0
48.0
5668.0
1437.0
2429.0
4056.0
2809.0
4236.0
1175.0
790.0
1712.0
665.0
384.0
1191.0
561.0
771.0
1343.0
5878.0
1075.0
1526.0
968.0
3735.0
-1.0
286.0
2411.0
1167.0
4219.0
1702.0
3396.0
3115.0
1057.0
1187.0
257.0
3903.0
42.0
2444.0
1035.0
2666.0
847.0
2584.0
2029.0
463.0
10321.0
5515.0
98.0
5218.0
1661.0
825.0
1227.0
7653.0
1885.0
447.0
3359.0
4119.0
3982.0
864.0
7182.0
261.0
779.0
2057.0
2951.0
7571.0
1061.0
1406.0
2656.0
6310.0
228.0
2277.0
581.0
781.0
3882.0
4778.0
64.0
364.0
1038.0
736.0
892.0
3883.0
433.0
3997.0
1920.0
947.0
2773.0
271.0
3639.0
1521.0
837.0
6059.0
9387.0
1268.0
1358.0
3270.0
34.0
1176.0
5141.0
1859.0
271.0
2276.0
1461.0
2033.0
981.0
-1.0
3544.0
1380.0
60.0
804.0
1746.0
699.0
1561.0
5351.0
559.0
326.0
564.0
1174.0
668.0
474.0
1532.0
547.0
534.0
1038.0
1378.0
511.0
97.0
300.0
3377.0
2498.0
2361.0
6259.0
1298.0
5307.0
1830.0
2752.0
1355.0
1245.0
2130.0
1155.0
458.0
1272.0
554.0
1918.0
327.0
410.0
2726.0
7230.0
623.0
5301.0
639.0
3537.0
3406.0
213.0
1721.0
226.0
619.0
1820.0
2065.0
2224.0
4435.0
1033.0
2912.0
2407.0
445.0
5304.0
3019.0
2925.0
3046.0
3562.0
3060.0
3017.0
4838.0
258.0
3710.0
1129.0
1588.0
2617.0
580.0
4480.0
530.0
813.0
3416.0
2120.0
2175.0
2015.0
2556.0
1112.0
1423.0
2482.0
140.0
5931.0
44.0
759.0
2358.0
1236.0
2949.0
447.0
1536.0
4668.0
3061.0
4049.0
1879.0
910.0
2849.0
1729.0
623.0
344.0
824.0
1160.0
2827.0
1125.0
1492.0
2185.0
3427.0
1773.0
1173.0
1989.0
4550.0
355.0
6194.0
3537.0
2766.0
818.0
241.0
4835.0
4314.0
3215.0
1410.0
333.0
2590.0
1838.0
1665.0
395.0
4974.0
632.0
124.0
5941.0
4418.0
430.0
3407.0
7300.0
530.0
836.0
618.0
322.0
1063.0
5314.0
1386.0
2022.0
604.0
4875.0
1926.0
1720.0
7009.0
2943.0
2562.0
1363.0
6818.0
5946.0
1784.0
5608.0
4112.0
131.0
95.0
805.0
200.0
1289.0
2359.0
3283.0
7755.0
3845.0
757.0
5341.0
8456.0
3149.0
928.0
9132.0
6855.0
1223.0
8472.0
2539.0
1073.0
379.0
1238.0
-1.0
4782.0
692.0
1068.0
3613.0
1029.0
6153.0
100.0
2207.0
3994.0
189.0
4979.0
1182.0
1178.0
5224.0
2462.0
417.0
5775.0
616.0
3491.0
534.0
1000.0
787.0
657.0
3919.0
3537.0
704.0
658.0
245.0
1178.0
181.0
3562.0
5217.0
2720.0
1017.0
5303.0
1496.0
2841.0
4996.0
2453.0
281.0
8322.0
4115.0
3407.0
161.0
1295.0
1908.0
3895.0
3431.0
1383.0
2108.0
447.0
800.0
3668.0
3146.0
3361.0
4040.0
192.0
5067.0
2235.0
5256.0
5745.0
904.0
1570.0
4178.0
495.0
4387.0
1219.0
2222.0
7686.0
4323.0
1009.0
3431.0
8378.0
2548.0
2470.0
1021.0
2197.0
1309.0
4101.0
1555.0
457.0
4692.0
1666.0
1210.0
1251.0
1877.0
678.0
886.0
1046.0
7774.0
71.0
892.0
704.0
4863.0
1797.0
470.0
2960.0
598.0
2584.0
213.0
322.0
2462.0
4467.0
951.0
6202.0
316.0
3325.0
864.0
6828.0
4519.0
5675.0
4681.0
2801.0
671.0
78.0
849.0
1214.0
538.0
4225.0
1188.0
6191.0
1443.0
2626.0
2658.0
974.0
3054.0
5590.0
5699.0
2407.0
2343.0
3565.0
1279.0
612.0
7166.0
689.0
490.0
2189.0
1704.0
5363.0
2149.0
3690.0
726.0
974.0
1068.0
2679.0
132.0
2407.0
7946.0
4876.0
4550.0
1015.0
3348.0
296.0
810.0
3194.0
8369.0
414.0
846.0
5793.0
384.0
659.0
1915.0
1022.0
498.0
3808.0
2742.0
3227.0
2074.0
555.0
-1.0
6418.0
1024.0
3755.0
2980.0
1391.0
1519.0
1271.0
1078.0
8728.0
4389.0
4353.0
1548.0
218.0
593.0
3656.0
4310.0
1280.0
371.0
1931.0
8448.0
857.0
2134.0
2513.0
3225.0
4816.0
2062.0
2040.0
178.0
2178.0
601.0
409.0
5016.0
1091.0
1762.0
3259.0
862.0
658.0
354.0
1995.0
716.0
2797.0
408.0
1041.0
342.0
2545.0
181.0
3110.0
2348.0
1499.0
6645.0
1188.0
957.0
300.0
1190.0
3884.0
995.0
991.0
923.0
3828.0
851.0
4322.0
451.0
347.0
152.0
-1.0
282.0
2555.0
287.0
1880.0
4044.0
95.0
2903.0
766.0
292.0
1779.0
62.0
316.0
316.0
1294.0
1150.0
5241.0
644.0
1664.0
2464.0
289.0
2833.0
3612.0
427.0
3650.0
4796.0
496.0
288.0
795.0
5722.0
1193.0
734.0
2904.0
643.0
3114.0
1039.0
801.0
342.0
2498.0
5737.0
328.0
7800.0
2986.0
179.0
7490.0
5415.0
1877.0
354.0
1724.0
346.0
289.0
7406.0
132.0
4284.0
1382.0
224.0
8183.0
2154.0
2508.0
210.0
162.0
199.0
4600.0
1702.0
287.0
4449.0
1771.0
1637.0
5950.0
477.0
2827.0
-1.0
2776.0
4264.0
6406.0
-1.0
926.0
813.0
4624.0
618.0
412.0
1756.0
4923.0
127.0
1729.0
3807.0
667.0
6258.0
2867.0
369.0
1564.0
6591.0
1018.0
