196.0
-1.0
4367.0
1576.0
2192.0
1648.0
1631.0
-1.0
6296.0
955.0
-1.0
234.0
1152.0
1163.0
8940.0
5189.0
-1.0
98.0
3450.0
-1.0
-1.0
1264.0
424.0
3503.0
4990.0
1107.0
162.0
350.0
9526.0
-1.0
710.0
726.0
1280.0
5912.0
1449.0
171.0
1041.0
121.0
-1.0
1081.0
-1.0
249.0
5030.0
629.0
-1.0
6099.0
2175.0
603.0
4963.0
1365.0
-1.0
4123.0
311.0
604.0
63.0
1915.0
3206.0
3740.0
1267.0
3238.0
9573.0
437.0
548.0
3937.0
1625.0
774.0
2982.0
602.0
877.0
551.0
7235.0
2102.0
-1.0
4209.0
3413.0
1541.0
983.0
-1.0
988.0
2222.0
224.0
1744.0
-1.0
3933.0
-1.0
371.0
178.0
623.0
813.0
-1.0
837.0
2131.0
6137.0
5726.0
219.0
373.0
-1.0
494.0
778.0
3437.0
273.0
524.0
1524.0
4057.0
251.0
-1.0
2837.0
510.0
9701.0
400.0
1095.0
3681.0
7068.0
2722.0
1825.0
-1.0
2090.0
364.0
96.0
908.0
-1.0
1392.0
862.0
106.0
912.0
674.0
185.0
8969.0
2705.0
727.0
341.0
2391.0
1637.0
-1.0
334.0
-1.0
-1.0
27.0
-1.0
615.0
207.0
7928.0
1020.0
3310.0
7103.0
1549.0
3209.0
929.0
-1.0
162.0
-1.0
140.0
6018.0
3285.0
683.0
4431.0
18.0
894.0
1093.0
-1.0
1236.0
1844.0
3790.0
1784.0
600.0
1933.0
6267.0
425.0
183.0
-1.0
4283.0
989.0
-1.0
1015.0
589.0
1151.0
1247.0
7587.0
1204.0
-1.0
-1.0
292.0
736.0
-1.0
1422.0
216.0
163.0
3866.0
1325.0
2989.0
1283.0
3422.0
1328.0
4245.0
4880.0
214.0
-1.0
3044.0
4607.0
6930.0
1473.0
1189.0
410.0
1009.0
102.0
-1.0
4061.0
3068.0
7292.0
484.0
181.0
2074.0
-1.0
1559.0
3179.0
1166.0
-1.0
4710.0
2041.0
6444.0
-1.0
-1.0
5154.0
1805.0
2127.0
8107.0
2963.0
1289.0
-1.0
2711.0
842.0
5282.0
4817.0
530.0
35.0
719.0
6336.0
2153.0
3749.0
5138.0
4007.0
6358.0
1077.0
3855.0
570.0
4188.0
3885.0
1066.0
886.0
633.0
-1.0
879.0
647.0
1979.0
8634.0
1234.0
-1.0
1259.0
1172.0
1151.0
5013.0
566.0
-1.0
1287.0
-1.0
2501.0
4035.0
601.0
1022.0
-1.0
3216.0
4050.0
1865.0
673.0
-1.0
5539.0
5111.0
5309.0
2961.0
3755.0
5227.0
10577.0
683.0
3507.0
274.0
2852.0
224.0
-1.0
1963.0
2635.0
7182.0
487.0
912.0
383.0
5172.0
1359.0
2038.0
353.0
1339.0
-1.0
-1.0
1714.0
1612.0
1320.0
3047.0
383.0
1604.0
111.0
382.0
323.0
-1.0
1675.0
2688.0
654.0
523.0
-1.0
109.0
3538.0
966.0
-1.0
708.0
128.0
1918.0
1144.0
3616.0
-1.0
1502.0
2029.0
5484.0
761.0
3352.0
83.0
1525.0
1629.0
-1.0
2905.0
3637.0
-1.0
288.0
2948.0
7391.0
213.0
3307.0
1646.0
-1.0
681.0
222.0
2842.0
559.0
2233.0
2512.0
72.0
284.0
1567.0
3376.0
2496.0
992.0
4499.0
2384.0
3544.0
74.0
103.0
754.0
3193.0
885.0
476.0
4185.0
6779.0
1030.0
-1.0
290.0
1121.0
-1.0
1554.0
3747.0
-1.0
2017.0
2456.0
570.0
2799.0
3043.0
10355.0
-1.0
5950.0
6032.0
2892.0
175.0
332.0
2599.0
1247.0
6473.0
232.0
1503.0
7698.0
281.0
1109.0
-1.0
4855.0
816.0
4072.0
-1.0
978.0
5146.0
1073.0
2535.0
5629.0
5687.0
965.0
-1.0
-1.0
161.0
209.0
-1.0
1036.0
8070.0
3685.0
-1.0
-1.0
699.0
1571.0
501.0
4242.0
18.0
291.0
2370.0
-1.0
4790.0
3470.0
3519.0
1673.0
293.0
-1.0
3072.0
2109.0
6632.0
1907.0
3844.0
1079.0
1387.0
1644.0
2176.0
1769.0
996.0
1397.0
4426.0
207.0
613.0
3238.0
868.0
1782.0
237.0
2607.0
519.0
510.0
543.0
5000.0
7084.0
990.0
-1.0
1047.0
4195.0
2634.0
-1.0
701.0
1163.0
5732.0
3109.0
5288.0
1405.0
197.0
4092.0
-1.0
6332.0
3109.0
808.0
8519.0
-1.0
483.0
3101.0
1625.0
247.0
161.0
4163.0
-1.0
4184.0
-1.0
866.0
2065.0
307.0
5365.0
2255.0
1299.0
1888.0
2183.0
1577.0
3860.0
1272.0
1662.0
7721.0
4136.0
143.0
68.0
-1.0
6076.0
1898.0
635.0
1858.0
501.0
440.0
-1.0
2066.0
3532.0
4462.0
7667.0
2244.0
4847.0
702.0
1714.0
-1.0
902.0
739.0
2067.0
277.0
99.0
592.0
62.0
7785.0
1457.0
4262.0
1133.0
912.0
5998.0
6342.0
7606.0
-1.0
-1.0
598.0
173.0
196.0
4028.0
854.0
3551.0
1492.0
2237.0
862.0
1122.0
7847.0
2888.0
5264.0
-1.0
7655.0
1310.0
1351.0
1155.0
427.0
5212.0
904.0
58.0
3001.0
6115.0
2799.0
1080.0
-1.0
1463.0
876.0
159.0
1802.0
1224.0
4417.0
6696.0
4994.0
2479.0
4997.0
5304.0
1329.0
-1.0
1523.0
63.0
-1.0
4746.0
3167.0
2132.0
1159.0
1070.0
214.0
1368.0
380.0
3025.0
2505.0
3885.0
5850.0
8375.0
1565.0
1454.0
-1.0
2057.0
315.0
1232.0
1178.0
1965.0
375.0
905.0
2774.0
2949.0
776.0
939.0
3085.0
1544.0
-1.0
1735.0
2770.0
-1.0
1448.0
1223.0
7554.0
439.0
3915.0
306.0
-1.0
684.0
433.0
544.0
138.0
949.0
1297.0
835.0
493.0
6033.0
2577.0
1009.0
982.0
-1.0
143.0
-1.0
1247.0
5401.0
665.0
2971.0
-1.0
1918.0
4034.0
586.0
285.0
876.0
847.0
-1.0
-1.0
2313.0
808.0
3644.0
-1.0
1780.0
2626.0
3100.0
-1.0
3559.0
3892.0
1883.0
2249.0
1144.0
1173.0
406.0
5134.0
-1.0
4834.0
-1.0
76.0
9406.0
786.0
3096.0
1460.0
905.0
1480.0
7183.0
-1.0
3614.0
2758.0
5090.0
-1.0
2302.0
803.0
982.0
2378.0
1470.0
2991.0
6560.0
-1.0
4093.0
1644.0
2391.0
27.0
1727.0
1649.0
5246.0
1085.0
2888.0
5068.0
1239.0
1556.0
1148.0
3689.0
-1.0
4005.0
2439.0
7239.0
-1.0
-1.0
348.0
4026.0
1522.0
427.0
2286.0
1589.0
571.0
331.0
5114.0
-1.0
1206.0
1063.0
1297.0
280.0
2625.0
6031.0
-1.0
-1.0
4409.0
7052.0
1099.0
3812.0
3781.0
1084.0
302.0
884.0
838.0
-1.0
3351.0
5684.0
1617.0
1215.0
1482.0
-1.0
1778.0
1118.0
585.0
3078.0
-1.0
3118.0
1481.0
-1.0
-1.0
4909.0
1566.0
3080.0
2318.0
6933.0
-1.0
80.0
2157.0
3941.0
141.0
3705.0
1192.0
1464.0
2708.0
7006.0
2395.0
2034.0
3566.0
4854.0
-1.0
6734.0
1809.0
4390.0
772.0
1388.0
7225.0
610.0
-1.0
6698.0
4484.0
321.0
53.0
-1.0
999.0
-1.0
2344.0
36.0
3574.0
8194.0
401.0
611.0
198.0
5046.0
5339.0
982.0
443.0
1459.0
2468.0
1299.0
8664.0
2583.0
1370.0
-1.0
-1.0
3186.0
1211.0
914.0
4218.0
2353.0
7522.0
-1.0
1380.0
845.0
1487.0
450.0
1907.0
-1.0
2951.0
7940.0
1606.0
47.0
848.0
869.0
2247.0
825.0
346.0
3201.0
-1.0
836.0
808.0
-1.0
-1.0
728.0
769.0
1864.0
1408.0
2140.0
-1.0
2181.0
-1.0
143.0
505.0
4329.0
6700.0
6290.0
1425.0
124.0
-1.0
-1.0
1244.0
641.0
-1.0
1416.0
1843.0
-1.0
5457.0
-1.0
1766.0
1247.0
-1.0
2415.0
171.0
10162.0
995.0
-1.0
2414.0
534.0
698.0
4156.0
830.0
714.0
1577.0
2452.0
3145.0
576.0
178.0
4268.0
3237.0
7590.0
317.0
45.0
814.0
2795.0
-1.0
629.0
-1.0
226.0
1488.0
3255.0
214.0
2112.0
1333.0
3360.0
1997.0
2686.0
5345.0
671.0
1768.0
1847.0
4550.0
246.0
1005.0
517.0
4313.0
4659.0
-1.0
1126.0
1301.0
1989.0
1854.0
1877.0
1797.0
-1.0
7253.0
1264.0
-1.0
-1.0
1352.0
3473.0
-1.0
2872.0
-1.0
2034.0
6148.0
2757.0
6168.0
-1.0
-1.0
6246.0
548.0
1073.0
2904.0
334.0
314.0
1370.0
647.0
-1.0
2270.0
1459.0
1381.0
8575.0
522.0
-1.0
-1.0
7822.0
1394.0
1422.0
-1.0
1772.0
2632.0
-1.0
4333.0
4194.0
470.0
5704.0
674.0
2239.0
912.0
6762.0
364.0
3786.0
-1.0
2964.0
8963.0
3408.0
1433.0
2152.0
1906.0
4320.0
295.0
1476.0
1310.0
168.0
3257.0
1816.0
827.0
2381.0
1919.0
-1.0
3149.0
2592.0
1269.0
-1.0
135.0
-1.0
-1.0
6116.0
90.0
421.0
-1.0
7584.0
131.0
1240.0
5578.0
1957.0
4962.0
-1.0
4232.0
326.0
2287.0
437.0
2197.0
8368.0
171.0
1323.0
43.0
5626.0
2703.0
-1.0
124.0
-1.0
3486.0
-1.0
608.0
1358.0
285.0
1756.0
426.0
3640.0
4207.0
176.0
5099.0
4570.0
1070.0
576.0
1644.0
30.0
-1.0
-1.0
350.0
-1.0
823.0
468.0
38.0
302.0
5259.0
1249.0
540.0
491.0
709.0
-1.0
-1.0
1943.0
3041.0
1589.0
803.0
1655.0
499.0
891.0
486.0
1067.0
2953.0
2893.0
1401.0
2847.0
299.0
797.0
1929.0
1108.0
54.0
3070.0
1297.0
8262.0
1048.0
4051.0
5462.0
640.0
3521.0
726.0
7512.0
1028.0
3846.0
810.0
668.0
1408.0
448.0
6025.0
1920.0
6136.0
-1.0
505.0
1890.0
865.0
5592.0
3140.0
1912.0
496.0
585.0
-1.0
696.0
-1.0
3410.0
526.0
517.0
769.0
3707.0
4474.0
99.0
257.0
-1.0
179.0
3396.0
170.0
3070.0
4858.0
1416.0
2668.0
-1.0
-1.0
6351.0
96.0
2993.0
8872.0
-1.0
3082.0
2020.0
1998.0
2386.0
2870.0
3873.0
982.0
658.0
4438.0
-1.0
947.0
-1.0
2235.0
1632.0
113.0
2827.0
2046.0
4574.0
-1.0
6059.0
802.0
6185.0
1103.0
527.0
990.0
-1.0
3315.0
2150.0
1038.0
112.0
1076.0
2617.0
-1.0
-1.0
-1.0
2546.0
5990.0
1668.0
1789.0
5574.0
7858.0
18.0
2111.0
6080.0
423.0
171.0
2349.0
3634.0
1106.0
-1.0
327.0
1133.0
223.0
3093.0
2325.0
26.0
-1.0
7218.0
3234.0
88.0
993.0
5776.0
52.0
1898.0
-1.0
-1.0
2047.0
179.0
4701.0
1048.0
3170.0
2842.0
2179.0
-1.0
415.0
2757.0
1231.0
731.0
399.0
-1.0
1424.0
-1.0
1275.0
329.0
-1.0
2622.0
6810.0
2393.0
1372.0
2479.0
1161.0
1080.0
958.0
3316.0
950.0
936.0
820.0
2105.0
-1.0
2258.0
-1.0
-1.0
1225.0
2170.0
-1.0
759.0
2312.0
3362.0
2272.0
1067.0
134.0
2889.0
-1.0
912.0
-1.0
3041.0
446.0
400.0
-1.0
3429.0
1454.0
-1.0
1393.0
5603.0
1109.0
-1.0
90.0
5223.0
2012.0
2321.0
3053.0
-1.0
1321.0
276.0
628.0
-1.0
1800.0
797.0
2305.0
-1.0
7850.0
4496.0
1193.0
899.0
2210.0
2950.0
5510.0
2285.0
941.0
2455.0
4130.0
1035.0
2715.0
6471.0
1091.0
108.0
393.0
760.0
914.0
834.0
2269.0
138.0
1037.0
3747.0
1383.0
114.0
285.0
1040.0
-1.0
4188.0
1772.0
3029.0
-1.0
5733.0
470.0
454.0
357.0
5075.0
102.0
1786.0
237.0
654.0
7603.0
-1.0
5908.0
-1.0
3663.0
2731.0
498.0
5952.0
2706.0
-1.0
1984.0
1218.0
3687.0
-1.0
2478.0
6129.0
449.0
2099.0
4212.0
1180.0
3996.0
3044.0
3748.0
449.0
4610.0
1074.0
1065.0
4479.0
5920.0
4687.0
1887.0
4729.0
3669.0
-1.0
2508.0
4769.0
2974.0
-1.0
1722.0
4366.0
-1.0
573.0
9242.0
2109.0
-1.0
136.0
-1.0
7132.0
2858.0
3893.0
2295.0
1988.0
3021.0
-1.0
-1.0
36.0
745.0
79.0
2954.0
6382.0
-1.0
1052.0
6125.0
2397.0
6344.0
36.0
990.0
1290.0
5100.0
654.0
332.0
7223.0
291.0
3484.0
1992.0
1195.0
-1.0
1559.0
3806.0
-1.0
5257.0
1823.0
-1.0
2583.0
-1.0
62.0
2082.0
2854.0
2191.0
-1.0
996.0
1839.0
1462.0
7143.0
124.0
139.0
52.0
5791.0
1464.0
-1.0
4131.0
2844.0
4268.0
1187.0
706.0
1751.0
672.0
-1.0
1182.0
584.0
754.0
1402.0
5997.0
1091.0
1556.0
982.0
3804.0
-1.0
290.0
2483.0
1009.0
4311.0
1738.0
3471.0
-1.0
-1.0
1051.0
208.0
3963.0
53.0
2470.0
-1.0
2710.0
-1.0
2636.0
1771.0
369.0
10503.0
5663.0
79.0
5338.0
1687.0
-1.0
1084.0
7757.0
1925.0
392.0
3422.0
4203.0
4111.0
869.0
7308.0
248.0
795.0
1903.0
2725.0
7817.0
1080.0
-1.0
2450.0
6409.0
205.0
-1.0
-1.0
733.0
3971.0
4678.0
59.0
349.0
1062.0
753.0
693.0
3863.0
433.0
-1.0
1832.0
-1.0
2848.0
260.0
3696.0
1462.0
733.0
5877.0
9540.0
-1.0
1334.0
3350.0
27.0
1208.0
5213.0
1902.0
233.0
2324.0
1501.0
2060.0
1001.0
-1.0
3602.0
1392.0
54.0
-1.0
1774.0
719.0
-1.0
5285.0
-1.0
326.0
-1.0
1162.0
-1.0
434.0
1574.0
560.0
508.0
1051.0
1341.0
519.0
-1.0
309.0
3464.0
2526.0
2396.0
6339.0
-1.0
5188.0
1852.0
2785.0
1366.0
1116.0
2156.0
1172.0
455.0
1277.0
578.0
1837.0
328.0
394.0
2813.0
7301.0
637.0
5420.0
632.0
3579.0
3464.0
196.0
-1.0
-1.0
595.0
-1.0
2088.0
-1.0
4559.0
1051.0
2933.0
2191.0
453.0
5150.0
3060.0
2967.0
3009.0
3675.0
3103.0
3075.0
4988.0
-1.0
3764.0
-1.0
1636.0
2697.0
533.0
4405.0
493.0
-1.0
-1.0
2163.0
2198.0
2046.0
2701.0
1133.0
1411.0
2542.0
117.0
-1.0
39.0
-1.0
2343.0
1254.0
2973.0
440.0
1559.0
4752.0
3105.0
4150.0
1807.0
930.0
2900.0
1701.0
588.0
321.0
-1.0
1178.0
2798.0
1165.0
1522.0
2218.0
3475.0
1796.0
1199.0
2016.0
4602.0
-1.0
6300.0
3669.0
2772.0
-1.0
216.0
4923.0
4374.0
2964.0
1435.0
336.0
2663.0
1877.0
1708.0
402.0
5080.0
653.0
99.0
6047.0
4460.0
-1.0
3282.0
7443.0
-1.0
767.0
624.0
303.0
925.0
5409.0
1454.0
-1.0
600.0
4951.0
1950.0
1699.0
7113.0
2909.0
2608.0
1381.0
6875.0
6143.0
1807.0
5699.0
3954.0
119.0
90.0
824.0
176.0
1329.0
2402.0
3322.0
7893.0
3864.0
732.0
5450.0
8560.0
3011.0
847.0
9363.0
6961.0
1251.0
8628.0
2583.0
1088.0
388.0
1247.0
-1.0
4892.0
699.0
1090.0
3715.0
989.0
6285.0
-1.0
2266.0
4060.0
175.0
5091.0
1214.0
1201.0
5307.0
2505.0
337.0
5809.0
620.0
3566.0
495.0
-1.0
-1.0
653.0
4002.0
3516.0
-1.0
621.0
251.0
1211.0
156.0
3639.0
5293.0
2784.0
-1.0
5404.0
1520.0
2750.0
5084.0
2503.0
257.0
8479.0
4179.0
3054.0
161.0
1108.0
1967.0
3888.0
3478.0
1416.0
2151.0
451.0
821.0
3665.0
3079.0
3398.0
4101.0
-1.0
5113.0
2252.0
5354.0
5834.0
872.0
1550.0
4195.0
424.0
4443.0
1230.0
2182.0
7846.0
4402.0
1037.0
3494.0
8604.0
2546.0
2515.0
973.0
2265.0
1203.0
4188.0
1574.0
435.0
4774.0
1648.0
1134.0
1218.0
1471.0
680.0
794.0
1071.0
8020.0
45.0
898.0
700.0
4938.0
1810.0
-1.0
3040.0
547.0
2624.0
212.0
281.0
2495.0
4464.0
992.0
6277.0
297.0
3389.0
854.0
6950.0
4659.0
5844.0
4648.0
2855.0
616.0
63.0
-1.0
1223.0
-1.0
4276.0
1168.0
6289.0
-1.0
2657.0
2709.0
958.0
3101.0
5651.0
5802.0
2439.0
-1.0
3641.0
1290.0
618.0
-1.0
-1.0
-1.0
2178.0
-1.0
5508.0
2087.0
3756.0
705.0
993.0
-1.0
2693.0
138.0
-1.0
8122.0
-1.0
4655.0
1035.0
3414.0
265.0
818.0
3267.0
8511.0
-1.0
857.0
5858.0
-1.0
664.0
1954.0
1033.0
491.0
-1.0
2838.0
3300.0
1739.0
556.0
-1.0
6556.0
1050.0
3847.0
2643.0
1423.0
1536.0
1298.0
1015.0
8895.0
4464.0
4423.0
1529.0
-1.0
560.0
3728.0
4477.0
-1.0
381.0
-1.0
8634.0
843.0
2189.0
2551.0
3280.0
-1.0
2056.0
2082.0
155.0
2224.0
-1.0
-1.0
5082.0
-1.0
1794.0
3249.0
858.0
684.0
-1.0
-1.0
629.0
2878.0
409.0
1058.0
343.0
2622.0
142.0
3144.0
2368.0
1550.0
6773.0
1211.0
918.0
275.0
1200.0
3921.0
972.0
989.0
946.0
3910.0
766.0
4371.0
-1.0
-1.0
123.0
-1.0
260.0
2599.0
280.0
1907.0
4115.0
80.0
2956.0
792.0
283.0
1814.0
70.0
305.0
-1.0
1102.0
1078.0
5250.0
654.0
1693.0
2424.0
228.0
2673.0
3733.0
437.0
-1.0
4872.0
498.0
283.0
826.0
5791.0
1213.0
713.0
2604.0
657.0
-1.0
1028.0
808.0
334.0
2516.0
5898.0
330.0
7950.0
-1.0
-1.0
7638.0
5558.0
1866.0
332.0
1698.0
301.0
-1.0
7565.0
-1.0
4344.0
990.0
233.0
8284.0
2307.0
2538.0
-1.0
155.0
-1.0
4748.0
1752.0
290.0
4531.0
1791.0
1691.0
6038.0
-1.0
2865.0
-1.0
2819.0
4329.0
6593.0
-1.0
902.0
820.0
4564.0
602.0
420.0
1769.0
4848.0
107.0
1742.0
3928.0
603.0
6372.0
2891.0
375.0
1559.0
6682.0
866.0
