194.0
2525.0
4310.0
1553.0
2143.0
1610.0
1597.0
1019.0
6165.0
932.0
-1.0
227.0
1320.0
1136.0
8774.0
5089.0
1845.0
117.0
3407.0
1013.0
488.0
1322.0
421.0
3474.0
4933.0
1082.0
198.0
377.0
9385.0
2051.0
694.0
909.0
1253.0
5749.0
1446.0
209.0
1033.0
121.0
-1.0
1074.0
-1.0
249.0
4915.0
614.0
2909.0
5946.0
2348.0
585.0
4866.0
1346.0
-1.0
4046.0
352.0
615.0
67.0
1862.0
3332.0
3675.0
1248.0
3193.0
9397.0
436.0
540.0
3892.0
1621.0
757.0
2945.0
719.0
909.0
591.0
7156.0
2041.0
815.0
4093.0
3356.0
1596.0
991.0
449.0
932.0
2183.0
222.0
1723.0
-1.0
3840.0
-1.0
361.0
211.0
606.0
799.0
-1.0
813.0
2456.0
5981.0
5617.0
278.0
373.0
-1.0
511.0
815.0
3334.0
326.0
633.0
1548.0
4085.0
267.0
-1.0
2808.0
549.0
9565.0
563.0
1064.0
3592.0
6902.0
2640.0
1795.0
887.0
2052.0
386.0
94.0
1079.0
567.0
1363.0
847.0
148.0
886.0
774.0
254.0
8817.0
2653.0
711.0
404.0
2334.0
1610.0
2220.0
378.0
4586.0
-1.0
33.0
-1.0
604.0
230.0
7729.0
1017.0
3527.0
6994.0
1550.0
3156.0
911.0
816.0
169.0
-1.0
142.0
5862.0
3231.0
689.0
4363.0
31.0
883.0
1074.0
2113.0
1209.0
1809.0
4003.0
1739.0
786.0
2009.0
6146.0
415.0
217.0
1093.0
4221.0
974.0
-1.0
989.0
643.0
1137.0
1221.0
7481.0
1182.0
-1.0
120.0
314.0
721.0
-1.0
1402.0
237.0
170.0
3824.0
1291.0
2921.0
1266.0
3502.0
1289.0
4260.0
4763.0
224.0
743.0
3000.0
4594.0
6840.0
1472.0
1164.0
502.0
980.0
100.0
412.0
4005.0
3006.0
7154.0
506.0
188.0
2222.0
2428.0
1546.0
3158.0
1179.0
750.0
4662.0
1977.0
6348.0
1215.0
1314.0
5047.0
1952.0
2056.0
7960.0
2934.0
1296.0
2432.0
2698.0
846.0
5170.0
4711.0
523.0
40.0
705.0
6180.0
2117.0
3730.0
5058.0
3981.0
6273.0
1051.0
3753.0
591.0
4190.0
3868.0
1045.0
878.0
626.0
-1.0
880.0
642.0
2085.0
8439.0
1465.0
305.0
1237.0
1176.0
1625.0
4918.0
551.0
417.0
1267.0
1636.0
2467.0
3975.0
593.0
1128.0
111.0
3155.0
4007.0
1831.0
815.0
86.0
5380.0
5019.0
5219.0
3007.0
3654.0
5116.0
10425.0
668.0
3487.0
285.0
2776.0
235.0
-1.0
1934.0
2588.0
7046.0
498.0
1071.0
404.0
5096.0
1336.0
2032.0
392.0
1358.0
-1.0
569.0
1802.0
1576.0
1312.0
2976.0
385.0
1777.0
115.0
391.0
315.0
4787.0
1686.0
2826.0
650.0
539.0
1174.0
110.0
3481.0
948.0
2403.0
696.0
138.0
1883.0
1127.0
3774.0
3113.0
1565.0
1982.0
5324.0
745.0
3248.0
89.0
1514.0
1610.0
-1.0
2909.0
3576.0
508.0
300.0
2908.0
7222.0
232.0
3341.0
2001.0
-1.0
750.0
232.0
2814.0
535.0
2193.0
2492.0
84.0
310.0
1707.0
3319.0
2554.0
989.0
4461.0
2419.0
3479.0
87.0
107.0
746.0
3130.0
924.0
471.0
4365.0
6615.0
1390.0
-1.0
324.0
1105.0
283.0
1527.0
3722.0
1915.0
1977.0
2424.0
568.0
2748.0
2976.0
10183.0
2888.0
5900.0
5938.0
2841.0
222.0
353.0
2552.0
1218.0
6429.0
284.0
1502.0
7547.0
317.0
1157.0
912.0
4789.0
964.0
4245.0
569.0
977.0
5045.0
1070.0
2498.0
5516.0
5598.0
955.0
4088.0
874.0
166.0
237.0
370.0
1017.0
7877.0
3631.0
2601.0
-1.0
689.0
1539.0
506.0
4168.0
37.0
283.0
2326.0
2865.0
4701.0
3470.0
3438.0
1651.0
311.0
-1.0
3016.0
2145.0
6473.0
1890.0
3788.0
1062.0
1353.0
1608.0
2137.0
1750.0
1026.0
1368.0
4502.0
205.0
669.0
3381.0
855.0
1755.0
259.0
2566.0
527.0
508.0
669.0
4926.0
6917.0
1140.0
1775.0
1024.0
4144.0
2580.0
591.0
699.0
1150.0
5631.0
3047.0
5208.0
1480.0
216.0
4016.0
477.0
6223.0
3181.0
793.0
8403.0
145.0
504.0
3055.0
1589.0
253.0
207.0
4101.0
2232.0
4102.0
824.0
921.0
2029.0
309.0
5274.0
2200.0
1272.0
1850.0
2165.0
1553.0
3855.0
1244.0
1832.0
7561.0
4060.0
172.0
76.0
5612.0
5978.0
1877.0
810.0
1845.0
514.0
489.0
242.0
2103.0
3454.0
4594.0
7561.0
2199.0
4756.0
714.0
1677.0
1632.0
921.0
727.0
2033.0
336.0
103.0
618.0
75.0
7621.0
1418.0
4180.0
1262.0
896.0
5885.0
6257.0
7380.0
-1.0
4256.0
728.0
191.0
211.0
3970.0
839.0
3496.0
1462.0
2246.0
1060.0
1093.0
7845.0
2843.0
5389.0
-1.0
7508.0
1287.0
1329.0
1111.0
422.0
5133.0
898.0
75.0
2974.0
6002.0
2753.0
1098.0
-1.0
1483.0
862.0
167.0
1771.0
1200.0
4318.0
6536.0
4908.0
2615.0
4836.0
5135.0
1302.0
-1.0
1488.0
75.0
251.0
4698.0
3080.0
2076.0
1288.0
1043.0
209.0
1350.0
375.0
2968.0
2471.0
3906.0
5780.0
8245.0
1658.0
1429.0
138.0
2008.0
313.0
1215.0
1213.0
1953.0
457.0
879.0
2822.0
2907.0
764.0
981.0
3003.0
1531.0
-1.0
1978.0
2715.0
1465.0
1514.0
1208.0
7417.0
429.0
3862.0
358.0
-1.0
685.0
430.0
538.0
139.0
922.0
1339.0
840.0
480.0
5928.0
2522.0
991.0
968.0
-1.0
141.0
-1.0
1234.0
5338.0
675.0
2973.0
2891.0
1870.0
3977.0
571.0
291.0
864.0
821.0
-1.0
1703.0
2483.0
856.0
3738.0
923.0
1757.0
2571.0
3039.0
1004.0
3500.0
3870.0
1879.0
2193.0
1126.0
1145.0
405.0
4991.0
502.0
4760.0
-1.0
88.0
9246.0
769.0
3087.0
1453.0
1093.0
1454.0
7050.0
-1.0
3547.0
2691.0
5011.0
-1.0
2264.0
779.0
975.0
2433.0
1439.0
2943.0
6440.0
6554.0
4028.0
1605.0
2339.0
27.0
1720.0
1633.0
5561.0
1161.0
3005.0
4973.0
1306.0
1519.0
1122.0
3612.0
2251.0
3954.0
2369.0
7047.0
1936.0
788.0
419.0
3966.0
1526.0
474.0
2252.0
1555.0
564.0
320.0
5027.0
-1.0
1282.0
1064.0
1287.0
293.0
2643.0
5870.0
-1.0
-1.0
4284.0
6903.0
1089.0
3746.0
3833.0
1065.0
331.0
878.0
834.0
-1.0
3328.0
5598.0
1626.0
1338.0
1461.0
748.0
1739.0
1111.0
593.0
3045.0
558.0
3082.0
1484.0
-1.0
-1.0
4793.0
1536.0
3021.0
2296.0
6769.0
1182.0
79.0
2147.0
3879.0
159.0
3630.0
1173.0
1423.0
2657.0
6897.0
2366.0
2172.0
3553.0
4761.0
249.0
6629.0
1880.0
4396.0
752.0
1353.0
7127.0
663.0
-1.0
6535.0
4366.0
322.0
51.0
948.0
975.0
-1.0
2504.0
36.0
3676.0
8084.0
513.0
715.0
217.0
4967.0
5264.0
968.0
458.0
1450.0
2529.0
1276.0
8525.0
2578.0
1385.0
5651.0
2418.0
3064.0
1236.0
1026.0
4119.0
2349.0
7411.0
-1.0
1366.0
829.0
1487.0
441.0
1907.0
684.0
2896.0
7812.0
1637.0
45.0
879.0
852.0
2193.0
797.0
352.0
3204.0
-1.0
1047.0
802.0
1574.0
344.0
843.0
912.0
1847.0
1472.0
2087.0
3768.0
2132.0
3364.0
171.0
490.0
4260.0
6596.0
6162.0
1500.0
136.0
-1.0
2366.0
1234.0
764.0
-1.0
1387.0
1812.0
4592.0
5359.0
-1.0
1757.0
1230.0
591.0
2361.0
195.0
9912.0
1099.0
735.0
2384.0
529.0
762.0
4131.0
823.0
696.0
1554.0
2433.0
3059.0
619.0
198.0
4208.0
3159.0
7545.0
391.0
57.0
1017.0
2730.0
-1.0
619.0
-1.0
262.0
1893.0
3202.0
227.0
2164.0
1305.0
3299.0
2236.0
2600.0
5267.0
703.0
1736.0
1794.0
4692.0
275.0
1085.0
538.0
4244.0
4569.0
2446.0
1101.0
1269.0
1978.0
1866.0
1847.0
1766.0
233.0
7145.0
1254.0
-1.0
315.0
1316.0
3484.0
2385.0
2825.0
6478.0
2000.0
6007.0
2750.0
5995.0
1493.0
-1.0
6131.0
541.0
1063.0
2845.0
329.0
352.0
1322.0
640.0
-1.0
2231.0
1552.0
1376.0
8353.0
514.0
690.0
-1.0
7654.0
1584.0
1404.0
205.0
1734.0
2706.0
1438.0
4304.0
4144.0
451.0
5585.0
667.0
2615.0
1021.0
6656.0
355.0
3762.0
888.0
2903.0
8815.0
3321.0
1399.0
2129.0
1879.0
4208.0
355.0
1631.0
1277.0
205.0
3305.0
1776.0
884.0
2369.0
1892.0
566.0
3106.0
2777.0
1246.0
860.0
142.0
4873.0
735.0
6005.0
116.0
443.0
3171.0
7355.0
133.0
1250.0
5477.0
1922.0
4977.0
1036.0
4170.0
347.0
2251.0
451.0
2151.0
8265.0
187.0
1309.0
46.0
5554.0
2760.0
1906.0
129.0
573.0
3431.0
733.0
601.0
1386.0
288.0
1793.0
518.0
3591.0
4370.0
207.0
5092.0
4444.0
1056.0
566.0
1628.0
45.0
-1.0
-1.0
349.0
-1.0
803.0
453.0
40.0
302.0
5177.0
1586.0
525.0
485.0
835.0
-1.0
645.0
1892.0
2986.0
1540.0
788.0
1603.0
524.0
953.0
470.0
1041.0
2891.0
2853.0
1378.0
2779.0
356.0
839.0
1890.0
1104.0
48.0
3004.0
1271.0
8155.0
1024.0
3976.0
5367.0
627.0
3423.0
742.0
7273.0
1081.0
3865.0
799.0
649.0
1643.0
437.0
5938.0
1885.0
6032.0
1813.0
526.0
1991.0
844.0
5498.0
3047.0
1883.0
493.0
598.0
4290.0
688.0
1749.0
3300.0
555.0
510.0
785.0
3634.0
4403.0
108.0
302.0
-1.0
184.0
3497.0
190.0
3031.0
4774.0
1531.0
2572.0
3260.0
366.0
6279.0
123.0
3115.0
8731.0
5602.0
3031.0
1990.0
2006.0
2334.0
2841.0
3836.0
968.0
645.0
4380.0
3757.0
985.0
1585.0
2208.0
1598.0
128.0
2781.0
2010.0
4472.0
-1.0
5993.0
795.0
6048.0
1086.0
555.0
1071.0
927.0
3279.0
2156.0
1100.0
132.0
1280.0
2693.0
2595.0
137.0
1504.0
2530.0
5870.0
1692.0
1765.0
5456.0
7704.0
30.0
2076.0
5988.0
464.0
182.0
2458.0
3636.0
1116.0
742.0
436.0
1105.0
217.0
3051.0
2258.0
31.0
370.0
7027.0
3446.0
100.0
972.0
5693.0
52.0
1945.0
-1.0
-1.0
2024.0
177.0
4628.0
1181.0
3236.0
2866.0
2163.0
-1.0
437.0
2711.0
1202.0
717.0
539.0
894.0
1401.0
-1.0
1791.0
334.0
-1.0
2578.0
6684.0
2365.0
1356.0
2606.0
1136.0
1397.0
1095.0
3250.0
980.0
924.0
870.0
2118.0
67.0
2224.0
-1.0
2335.0
1329.0
2120.0
-1.0
748.0
2348.0
3352.0
2226.0
1064.0
128.0
2795.0
1233.0
906.0
513.0
2990.0
443.0
388.0
-1.0
3421.0
1419.0
-1.0
1536.0
5474.0
1074.0
-1.0
131.0
5099.0
1962.0
2720.0
3040.0
783.0
1366.0
314.0
729.0
153.0
1769.0
787.0
2509.0
527.0
7675.0
4450.0
1225.0
898.0
2165.0
2902.0
5436.0
2260.0
937.0
2402.0
4040.0
1029.0
2669.0
6312.0
1062.0
112.0
433.0
887.0
975.0
821.0
2229.0
144.0
1010.0
3682.0
1343.0
115.0
281.0
1015.0
366.0
4075.0
1755.0
2947.0
-1.0
5620.0
465.0
578.0
473.0
5006.0
138.0
1845.0
262.0
664.0
7405.0
3304.0
6167.0
-1.0
3585.0
2688.0
488.0
5799.0
2650.0
1635.0
1937.0
1307.0
3621.0
3881.0
2439.0
5995.0
484.0
2380.0
4144.0
1167.0
4006.0
3013.0
3664.0
442.0
4518.0
1044.0
1032.0
4593.0
5828.0
4563.0
1838.0
4663.0
3578.0
5886.0
2481.0
4711.0
2921.0
-1.0
1681.0
4247.0
604.0
575.0
9101.0
2233.0
-1.0
132.0
1314.0
7005.0
2789.0
3803.0
2248.0
2360.0
2979.0
2894.0
992.0
48.0
768.0
79.0
2910.0
6257.0
397.0
1033.0
6022.0
2604.0
6271.0
43.0
992.0
1261.0
5015.0
661.0
330.0
7074.0
340.0
3410.0
2044.0
1245.0
121.0
1550.0
3737.0
-1.0
5172.0
1895.0
547.0
2519.0
2391.0
85.0
2046.0
2995.0
2158.0
1173.0
1022.0
1806.0
1424.0
7013.0
130.0
138.0
50.0
5653.0
1422.0
2453.0
4051.0
2801.0
4290.0
1167.0
812.0
1732.0
652.0
389.0
1166.0
573.0
754.0
1351.0
5849.0
1070.0
1523.0
959.0
3746.0
-1.0
294.0
2443.0
1129.0
4254.0
1706.0
3412.0
3112.0
-1.0
1205.0
262.0
3908.0
50.0
2431.0
1043.0
2652.0
-1.0
2585.0
2056.0
468.0
10304.0
5595.0
101.0
5228.0
1644.0
814.0
1266.0
7644.0
1875.0
452.0
3407.0
4115.0
4087.0
859.0
7169.0
269.0
764.0
2093.0
2990.0
7602.0
1060.0
1391.0
2735.0
6338.0
238.0
-1.0
527.0
802.0
3909.0
4762.0
64.0
367.0
1032.0
737.0
946.0
3917.0
442.0
3977.0
1918.0
-1.0
2792.0
273.0
3633.0
1523.0
853.0
6088.0
9389.0
-1.0
1339.0
3273.0
34.0
1182.0
5144.0
1864.0
290.0
2278.0
1480.0
2063.0
983.0
-1.0
3519.0
1388.0
51.0
798.0
1737.0
683.0
1531.0
5333.0
-1.0
317.0
-1.0
1186.0
656.0
472.0
1528.0
551.0
519.0
1020.0
1395.0
518.0
92.0
307.0
3383.0
2512.0
2337.0
6279.0
1309.0
5336.0
1820.0
2752.0
1336.0
1281.0
2123.0
1165.0
466.0
1290.0
564.0
1919.0
326.0
419.0
2828.0
7243.0
629.0
5280.0
634.0
3538.0
3383.0
222.0
1686.0
-1.0
623.0
1825.0
2049.0
2238.0
4420.0
1032.0
2907.0
2501.0
441.0
5353.0
3014.0
2934.0
3067.0
3544.0
3055.0
3030.0
4902.0
-1.0
3685.0
1106.0
1578.0
2648.0
567.0
4436.0
557.0
811.0
3463.0
2130.0
2137.0
2031.0
2703.0
1118.0
1435.0
2498.0
140.0
5965.0
44.0
750.0
2370.0
1243.0
2965.0
444.0
1539.0
4667.0
3075.0
4067.0
1915.0
934.0
2868.0
1805.0
617.0
349.0
836.0
1160.0
2854.0
1139.0
1488.0
2211.0
3408.0
1770.0
1164.0
1988.0
4532.0
360.0
6206.0
3536.0
2781.0
-1.0
237.0
4849.0
4269.0
3260.0
1416.0
323.0
2610.0
1841.0
1664.0
387.0
5004.0
636.0
125.0
5946.0
4411.0
432.0
3429.0
7282.0
527.0
822.0
618.0
333.0
1051.0
5304.0
1405.0
-1.0
587.0
4864.0
1923.0
1747.0
7016.0
2949.0
2551.0
1363.0
6819.0
5917.0
1793.0
5618.0
4110.0
135.0
101.0
805.0
193.0
1299.0
2358.0
3271.0
7780.0
3929.0
770.0
5365.0
8409.0
3212.0
956.0
9155.0
6854.0
1230.0
8435.0
2536.0
1067.0
386.0
1217.0
-1.0
4781.0
693.0
1068.0
3626.0
1015.0
6159.0
97.0
2221.0
3991.0
178.0
4985.0
1187.0
1173.0
5181.0
2460.0
398.0
5835.0
608.0
3487.0
548.0
-1.0
-1.0
667.0
3905.0
3557.0
698.0
643.0
244.0
1183.0
174.0
3560.0
5186.0
2672.0
-1.0
5302.0
1496.0
2820.0
5001.0
2461.0
290.0
8329.0
4097.0
3503.0
161.0
1308.0
1919.0
3875.0
3409.0
1394.0
2113.0
454.0
817.0
3667.0
3164.0
3479.0
4026.0
191.0
5105.0
2217.0
5272.0
5745.0
898.0
1593.0
4238.0
489.0
4381.0
1195.0
2202.0
7658.0
4333.0
1014.0
3418.0
8420.0
2553.0
2452.0
1011.0
2225.0
1310.0
4127.0
1551.0
479.0
4698.0
1665.0
1216.0
1283.0
1944.0
687.0
848.0
1049.0
7803.0
71.0
876.0
714.0
4868.0
1803.0
-1.0
3087.0
604.0
2567.0
218.0
325.0
2453.0
4586.0
975.0
6282.0
316.0
3316.0
837.0
6772.0
4527.0
5705.0
4659.0
2790.0
673.0
77.0
849.0
1216.0
518.0
4227.0
1197.0
6185.0
1450.0
2644.0
2675.0
974.0
3050.0
5593.0
5661.0
2413.0
-1.0
3571.0
1291.0
599.0
-1.0
658.0
506.0
2173.0
1684.0
5396.0
2135.0
3702.0
749.0
977.0
1069.0
2715.0
138.0
-1.0
7959.0
4885.0
4588.0
1013.0
3328.0
294.0
802.0
3205.0
8383.0
417.0
844.0
5775.0
367.0
645.0
1913.0
1010.0
511.0
3840.0
2775.0
3219.0
2130.0
548.0
-1.0
6438.0
1033.0
3755.0
3038.0
1403.0
1489.0
1274.0
1099.0
8724.0
4378.0
4317.0
1543.0
-1.0
604.0
3659.0
4343.0
1298.0
376.0
1938.0
8454.0
862.0
2128.0
2528.0
3230.0
-1.0
2057.0
2052.0
168.0
2199.0
-1.0
415.0
5015.0
1104.0
1773.0
3262.0
878.0
693.0
395.0
2007.0
708.0
2812.0
409.0
1042.0
340.0
2640.0
176.0
3119.0
2425.0
1501.0
6637.0
1189.0
940.0
288.0
1213.0
3872.0
983.0
998.0
927.0
3843.0
895.0
4327.0
454.0
358.0
150.0
-1.0
287.0
2546.0
283.0
1879.0
4020.0
91.0
2884.0
766.0
291.0
1798.0
66.0
312.0
304.0
1327.0
1139.0
5238.0
637.0
1673.0
2446.0
306.0
2928.0
3651.0
437.0
3697.0
4790.0
505.0
286.0
803.0
5727.0
1196.0
745.0
2980.0
647.0
3079.0
1048.0
796.0
342.0
2490.0
5716.0
331.0
7803.0
-1.0
177.0
7510.0
5432.0
1867.0
370.0
1728.0
355.0
302.0
7434.0
-1.0
4270.0
1387.0
230.0
8176.0
2303.0
2465.0
215.0
167.0
207.0
4596.0
1729.0
289.0
4462.0
1760.0
1652.0
5968.0
-1.0
2859.0
-1.0
2812.0
4237.0
6431.0
-1.0
939.0
804.0
4692.0
615.0
411.0
1738.0
4920.0
125.0
1727.0
3821.0
672.0
6290.0
2852.0
368.0
1568.0
6593.0
1033.0
